8.510638
-5.882353
1.5625
-1.0256411
-1.5544041
0.0
-2.631579
5.4054055
-2.5641026
0.0
-2.631579
3.7837837
-3.6458333
2.7027028
-0.5263158
1.5873016
1.0416666
0.5154639
-2.5641026
-1.5789474
1.6042781
-0.5263158
2.6455026
0.0
-3.0927835
-1.0638298
2.1505377
1.5789474
0.5181347
1.0309278
0.0
-4.0816326
3.1914895
-5.1546392
-2.7173913
-0.5586592
1.1235955
0.5555556
0.0
0.5524862
-1.0989012
0.5555556
-1.6574585
1.1235955
1.1111112
0.5494506
-1.6393442
0.0
-1.1111112
-1.1235955
0.0
0.5681818
-1.1299435
2.2857144
0.0
0.0
1.1173184
-0.5524862
3.3333333
3.2258065
0.5208333
0.5181347
0.0
0.0
0.0
-0.5154639
-1.0362694
1.5706806
3.0927835
-1.0
-3.5353534
4.188482
4.522613
4.8076925
0.0
1.8348624
0.9009009
5.357143
3.3898306
-2.4590163
-41.17647
2.857143
-4.1666665
-2.8985507
-2.9850745
-0.7692308
2.3255813
-3.7878788
-1.5748031
-8.0
0.0
6.9565215
2.4390244
0.0
3.1746032
3.0769231
-0.74626863
-3.7593985
0.0
7.03125
-2.189781
-2.9850745
-4.6153846
1.6129032
-1.5873016
4.032258
2.3255813
0.0
-1.5151515
-1.5384616
1.5625
3.8461537
-2.2222223
3.030303
0.0
-1.4705882
-1.4925373
3.030303
-0.7352941
2.9629629
-1.438849
0.0
2.919708
0.0
-0.7092199
-0.71428573
0.7194245
-2.142857
3.649635
-3.5211267
-1.459854
-0.7407407
1.4925373
1.4705882
-2.173913
1.4814814
-0.729927
0.0
1.4705882
-1.4492754
0.0
1.4705882
-1.4492754
0.7352941
0.0
0.0
0.0
-1.459854
-0.7407407
1.4925373
-2.2058823
0.7518797
0.0
0.0
-2.9850745
1.5384616
-0.75757575
0.7633588
-9.090909
-2.5
4.2735043
0.8196721
2.4390244
0.0
0.0
0.0
-1.5873016
-3.2258065
6.6666665
-3.90625
-3.2520325
-2.5210085
-6.8965516
0.9259259
1.8348624
4.5045047
-5.172414
-1.8181819
2.7777777
1.8018018
0.88495576
8.77193
-4.032258
3.3613446
-2.4390244
-1.6666666
1.6949153
5.0
-1.5873016
5.645161
-0.7633588
-3.0769231
3.1746032
0.0
-3.0769231
3.1746032
-2.3076923
0.0
2.3622048
1.5384616
4.5454545
-1.4492754
-2.9411764
3.030303
-2.9411764
-0.75757575
0.0
2.2900763
2.238806
5.109489
4.1666665
-2.6666667
0.6849315
0.0
-0.6802721
-0.6849315
-2.0689654
2.1126761
0.0
1.3793104
0.0
4.7619047
3.8961039
0.0
0.625
-0.621118
1.25
-2.4691358
3.7974684
-3.6585367
6.329114
4.7619047
-2.2727273
5.2325583
8.839779
3.5532994
0.98039216
3.883495
-8.878505
-2.0512822
-6.8062825
6.741573
-1.0526316
-6.382979
2.2727273
-2.7777777
5.714286
1.6216216
2.1276596
0.0
2.0833333
-4.0816326
2.1276596
1.0416666
0.5154639
-1.0256411
-0.5181347
3.125
-2.5252526
-1.0362694
-2.617801
-1.0752689
-2.7173913
2.793296
-1.6304348
1.6574585
-0.54347825
-1.6393442
5.5555553
2.1052632
1.0309278
1.0204082
4.040404
2.9126213
3.7735848
-3.6363637
-1.8867924
0.96153843
-7.6190476
3.0927835
3.0
0.0
4.854369
-0.9259259
4.6728973
2.6785715
4.347826
6.6666665
-2.34375
3.2
-4.6511626
0.0
0.8130081
0.8064516
-4.8
-2.5210085
1.7241379
-0.84745765
4.2735043
-2.4590163
0.0
4.2016807
-3.2258065
3.3333333
2.419355
6.2992125
-1.4814814
-0.7518797
0.0
0.0
-0.75757575
3.053435
-0.7407407
0.0
-0.74626863
-0.7518797
0.75757575
0.7518797
0.74626863
0.0
-3.7037036
-2.3076923
0.78740156
3.90625
0.7518797
0.0
0.0
-1.4925373
-1.5151515
0.7692308
0.7633588
0.75757575
-0.7518797
-0.75757575
-3.053435
-11.0236225
-4.424779
-4.6296296
7.76699
-6.3063064
-6.730769
-4.6391754
8.1081085
5.0
1.9047619
7.4766355
5.2173915
4.958678
-6.2992125
-1.6806723
-3.4188035
-0.88495576
0.89285713
4.424779
4.237288
4.878049
0.0
3.875969
-3.7313433
-3.1007752
4.0
-3.0769231
3.1746032
-1.5384616
5.46875
-0.7407407
0.0
-0.74626863
0.0
0.0
0.7518797
0.74626863
-0.7407407
-0.74626863
-2.255639
0.0
-3.0769231
-2.3809524
-4.878049
5.982906
0.0
-1.6129032
-2.4590163
-2.5210085
0.86206895
4.2735043
-1.6393442
-1.6666666
-2.542373
-4.347826
-6.3636365
1.9417475
-4.7619047
3.0
-1.9417475
4.9504952
-7.5471697
3.0612245
0.0
0.990099
1.9607843
1.9230769
2.8301888
-3.6697247
2.857143
-2.7777777
-1.9047619
2.9126213
-0.9433962
4.7619047
5.4545455
4.3103447
1.6528926
-4.878049
-0.85470086
3.4482758
-1.6666666
3.3898306
-5.7377048
-3.4782608
-0.9009009
-1.8181819
-7.4074073
3.0
3.883495
-2.8037384
-1.9230769
-1.9607843
0.0
1.0
-1.980198
0.0
1.010101
-3.5
-2.0725389
-2.1164021
1.6216216
-2.1276596
3.8043478
-3.1413612
0.0
0.5405405
0.53763443
-0.53475934
-1.6129032
-4.9180326
-0.57471263
5.780347
-0.5464481
-0.5494506
1.6574585
0.54347825
2.7027028
-3.1578948
-2.173913
-1.1111112
0.56179774
-0.5586592
0.0
1.6853932
-1.1049724
0.0
0.0
-3.9106145
-5.2325583
1.8404908
1.2048193
-2.3809524
-1.2195122
1.8518518
1.8181819
-4.7619047
3.75
-0.60240966
1.2121212
0.0
1.7964072
5.882353
3.8888888
-2.1390374
-0.5464481
-4.945055
-3.468208
5.3892217
7.3863635
4.7619047
4.040404
-8.7378645
-1.5957447
7.5675673
0.0
-0.5025126
2.020202
-1.4851485
-1.5075377
1.0204082
0.0
0.0
0.5050505
-1.0050251
-4.0609136
-0.52910054
8.510638
-2.9411764
-2.020202
-2.0618556
0.5263158
-2.617801
7.5268817
-1.0
6.060606
-1.9047619
6.7961164
-0.90909094
3.6697247
2.6548672
-0.86206895
2.6086957
-1.6949153
1.7241379
-1.6949153
-1.7241379
-4.385965
2.7522936
4.464286
-4.2735043
2.6785715
0.8695652
-2.586207
0.88495576
1.754386
-3.4482758
-1.7857143
0.0
-7.2727275
0.0
7.8431373
4.5454545
-6.9565215
-2.8037384
0.96153843
-1.9047619
0.9708738
0.96153843
-2.857143
1.9607843
-5.769231
0.0
3.0612245
-2.4752476
1.5228426
5.0
1.9047619
-9.345795
2.5773196
-3.517588
0.0
0.0
-3.125
1.0752689
1.0638298
-2.1052632
-1.0752689
3.8043478
0.0
0.5235602
1.5625
2.5641026
-0.5
0.5025126
-2.5
0.51282054
1.0204082
1.010101
1.0
1.980198
-0.9708738
0.0
1.9607843
0.0
0.0
0.0
-0.96153843
-1.9417475
0.0
-0.990099
-2.0
1.5306122
0.5025126
2.0
-1.9607843
0.0
2.0
0.98039216
0.0
0.9708738
-0.96153843
0.9708738
-19.23077
-5.952381
2.5316455
5.5555553
0.5847953
-2.3255813
0.0
0.5952381
-1.183432
-1.7964072
1.2195122
-1.2048193
0.6097561
-0.6060606
0.0
-1.2195122
4.9382715
0.0
-0.5882353
-1.7751479
-0.60240966
-1.2121212
-0.61349696
-1.2345679
1.25
-1.2345679
-1.25
-0.6329114
-4.4585986
4.0
2.5641026
-4.375
3.267974
-2.5316455
2.5974026
0.0
-1.2658228
-1.2820513
-1.2987013
1.3157895
-1.2987013
0.65789473
0.0
0.6535948
1.9480519
-2.5477707
3.267974
1.2658228
-0.625
0.6289308
-1.875
1.910828
1.25
-1.2345679
0.0
-0.625
-1.8867924
-2.5641026
-1.9736842
-2.0134227
0.0
-4.7945204
4.316547
-0.6896552
1.3888888
0.0
1.369863
-3.3783784
1.3986014
0.6896552
-1.369863
0.6944444
-0.6896552
2.7777777
2.7027028
1.3157895
-1.2987013
1.9736842
0.0
3.2258065
0.0
1.875
3.6809816
-2.366864
0.6060606
-1.2048193
0.0
-2.4390244
0.0
0.0
0.0
1.25
-2.4691358
-1.2658228
-0.64102566
1.9354838
0.0
0.0
0.0
0.0
-1.8987342
0.6451613
-1.2820513
0.64935064
-1.2903225
1.9607843
-1.2820513
0.64935064
-0.6451613
0.64935064
-1.2903225
1.9607843
-1.2820513
1.9480519
-1.910828
0.64935064
-0.6451613
0.0
0.0
-0.64935064
0.6535948
-1.2987013
-0.65789473
0.66225165
-0.65789473
-1.3245033
-2.0134227
0.0
0.0
0.6849315
0.0
-0.6802721
0.0
0.0
-0.6849315
1.3793104
2.0408163
1.3333334
-1.9736842
-1.3422819
1.3605442
-3.3557048
2.7777777
0.6756757
0.0
0.67114097
-1.3333334
1.3513514
2.6666667
3.2467532
0.6289308
0.0
0.625
4.968944
0.0
-1.7751479
1.8072289
-0.591716
1.1904762
0.0
0.0
0.0
-0.5882353
-20.71006
-2.238806
0.0
0.0
3.053435
-0.7407407
0.0
-1.4925373
0.75757575
0.7518797
0.0
1.4925373
0.0
-1.4705882
0.74626863
0.7407407
-0.7352941
-1.4814814
-2.255639
0.0
-0.7692308
-3.1007752
1.6
7.086614
-2.9411764
2.2727273
0.7407407
-2.9411764
-1.5151515
0.0
0.0
-0.7692308
-1.5503876
1.5748031
0.0
0.0
1.5503876
0.0
1.5267175
-0.7518797
-2.2727273
0.0
-1.5503876
3.1496062
0.7633588
0.0
-3.7878788
2.3622048
0.0
-1.5384616
-1.5625
1.5873016
-0.78125
0.0
-2.3622048
0.0
-0.8064516
-0.8130081
0.8196721
-0.8130081
1.6393442
0.0
0.0
0.8064516
1.6
0.78740156
0.78125
0.0
-0.7751938
0.0
0.78125
0.0
-0.7751938
-0.78125
0.78740156
0.78125
2.3255813
-3.030303
0.0
4.6875
0.0
6.716418
0.0
0.0
-4.895105
5.147059
-0.6993007
-3.5211267
1.459854
0.0
-1.438849
0.729927
-1.4492754
-4.4117646
0.0
-1.5384616
0.0
-0.78125
0.0
-0.78740156
-0.7936508
-1.6
0.0
1.6260163
0.0
-1.6
3.2520325
-0.78740156
0.0
-1.5873016
0.0
1.6129032
-0.7936508
1.6
1.5748031
-0.7751938
0.0
-0.78125
0.0
0.0
0.0
0.0
0.78740156
0.0
-1.5625
-1.5873016
1.6129032
0.7936508
0.0
1.5748031
2.3255813
0.0
0.0
-2.2727273
0.7751938
0.7692308
0.7633588
0.75757575
-0.7518797
-1.5151515
0.7692308
1.5267175
-0.7518797
-1.5151515
-1.5384616
-0.78125
-3.1496062
0.8130081
2.419355
-2.3622048
1.6129032
0.7936508
-1.5748031
0.0
-0.8
0.8064516
0.0
0.8
1.5873016
0.0
0.0
0.0
0.0
-0.78125
0.78740156
0.78125
0.7751938
0.7692308
0.7633588
0.75757575
1.5037594
-1.4814814
0.0
-0.7518797
0.0
1.5151515
0.74626863
-0.7407407
0.0
-0.74626863
0.0
0.0
-0.7518797
0.0
0.0
0.0
0.75757575
0.0
0.7518797
1.4925373
0.0
0.0
0.0
0.7352941
0.0
-2.189781
1.4925373
2.2058823
-0.7194245
0.0
1.4492754
-1.4285715
1.4492754
0.0
0.71428573
0.0
0.0
-0.7092199
0.71428573
0.7092199
0.0
-0.70422536
0.0
0.0
2.8368795
4.827586
4.605263
-3.144654
-1.9480519
1.3245033
0.0
-1.3071896
-1.3245033
2.0134227
0.65789473
1.3071896
0.6451613
-1.2820513
-0.64935064
1.9607843
0.64102566
0.0
-1.2738854
0.6451613
0.0
-0.64102566
0.6451613
-1.9230769
-2.6143792
-1.3422819
1.3605442
0.0
0.67114097
0.6666667
-0.66225165
2.6666667
0.0
-1.2987013
3.2894738
-1.2738854
0.0
0.0
0.0
0.6451613
-0.64102566
-1.2903225
-2.6143792
0.67114097
0.0
-2.0
-1.3605442
0.6896552
0.6849315
0.0
-1.3605442
-0.6896552
-3.4722223
-0.7194245
-1.4492754
-0.7352941
-1.4814814
-3.7593985
3.90625
0.7518797
-0.74626863
0.7518797
-2.238806
-0.7633588
-3.8461537
0.0
0.8
-1.5873016
2.419355
-3.937008
1.6393442
4.032258
-1.5503876
3.937008
0.0
1.5151515
0.0
-0.74626863
0.0
0.7518797
0.0
-0.74626863
0.7518797
1.4925373
-0.7352941
-0.7407407
-3.7313433
0.7751938
0.7692308
0.7633588
-0.75757575
0.0
-0.7633588
-0.7692308
0.0
0.0
0.0
-0.7751938
-0.78125
0.0
0.0
1.5748031
0.0
-1.5503876
0.78740156
0.78125
0.7751938
0.7692308
8.396947
5.633803
-4.6666665
-0.6993007
-2.8169014
1.4492754
-0.71428573
1.438849
-0.7092199
-1.4285715
2.8985507
-0.70422536
0.0
-0.7092199
1.4285715
2.8169014
0.0
0.0
0.0
1.369863
2.0270271
3.3112583
-3.2051282
1.3245033
-1.3071896
0.66225165
1.9736842
1.2903225
0.6369427
-1.2658228
0.64102566
-0.6369427
-0.64102566
0.0
3.2258065
-28.125
2.6086957
-2.542373
-0.8695652
2.631579
-1.7094017
-0.8695652
-1.754386
0.89285713
-2.6548672
0.0
0.0
0.90909094
-1.8018018
0.9174312
-0.90909094
-0.9174312
1.8518518
-0.90909094
2.7522936
-3.5714285
-4.6296296
-0.9708738
-6.66667
0.84033936
3.125
-1.8181849
4.938275
0.98039216
-2.9126213
0.0
-2.5999985
-0.2053435
0.4115242
-1.6393427
-1.2499968
-2.5316472
0.649349
1.7204285
3.594082
-2.6530597
-0.8385776
0.0
-1.0570824
0.85470414
1.2711831
-0.41841164
1.8907596
0.6185551
-0.61475253
0.20618242
-1.0288066
0.415802
0.8281605
-0.2053435
0.4115242
0.0
1.4344279
-0.40404195
-2.0283976
0.41408026
-0.6185551
-0.41493934
0.6249984
2.4844737
-2.020202
0.0
-0.4123727
1.2422408
-0.817999
-0.20618242
0.0
0.8264415
-2.6639328
1.0526316
0.20833015
0.20790498
-0.41493934
-2.0833333
-2.765956
2.4069989
1.2820562
-0.84388506
-0.21276271
-0.21322449
-1.9230721
0.4357232
2.3861222
0.84745276
0.21008885
-0.6289292
0.843877
-0.20920183
0.6289292
-0.41666827
-1.255227
0.42373043
-0.6329178
0.6369492
-0.21097529
0.21142133
-0.6329178
0.6369492
0.0
2.3206718
-0.6185551
-1.244818
0.0
0.21008885
0.6289292
-0.6249984
-0.8385776
-1.2684957
0.6423966
-0.21276271
1.2793144
-0.2105231
3.1645567
2.2494855
2.0
0.0
-1.9607843
0.0
-0.80000305
0.60484487
4.2084136
-1.9230769
-1.9607843
-0.19999695
-0.80160624
0.40404195
-0.80483204
0.40568107
-0.40404195
0.0
0.2028444
-0.6072936
-1.01833
-0.6172824
0.0
-0.62111646
0.6249984
-2.2774296
-1.2711912
0.8583724
-1.2765925
-0.21552217
-0.4319671
-0.43383288
0.65359306
-0.43290207
0.65217227
2.8077738
2.3109293
-1.8480524
-0.6276135
1.4736859
0.82987076
0.0
0.4115242
0.0
0.0
0.40983763
-7.7551007
6.4159236
1.4553031
-1.4344279
1.0395011
-0.20575818
-0.6185551
-1.4522837
0.0
-0.2105231
-0.84388506
-0.85106707
0.0
0.8583724
0.21276271
2.5477724
-0.41408026
0.831604
-1.0309278
-0.41666827
0.6276135
1.4553031
-1.6393427
1.0416666
0.6185551
0.0
0.81967527
-0.4065056
-0.81632966
6.995888
-2.8846154
0.0
0.0
0.990099
0.98039216
0.0
0.0
0.9708738
0.0
-19.038464
0.9501224
3.5294118
-0.68181646
1.6018324
1.3513479
-1.3333299
-0.67568254
-2.4943278
3.0232542
0.0
-1.3543984
1.1441647
-2.7149339
0.0
-0.69767267
-0.46838585
1.8823512
2.7713645
-0.22471566
-0.9009043
0.4545472
-0.45249042
-1.8181801
-0.6944427
-0.46620223
0.23418845
0.7009328
-0.23201503
0.23255458
-0.23201503
1.1627907
0.45977187
-1.3730029
-1.3921078
-1.6470606
-1.9138738
1.7073189
-2.158277
-1.2254902
-0.4962798
-3.2418935
2.3195915
1.763226
2.4752474
0.72463584
-0.47961813
-0.7228897
0.97086823
0.9615422
-0.7142839
1.6786588
-0.9433998
-0.4761923
-0.2392308
0.71942264
0.9523846
0.0
1.1792452
-0.93240446
0.47059003
-0.7025743
-0.70755434
-0.95011336
0.47961813
0.0
-0.7159977
0.0
0.9615422
0.4761923
0.71089864
2.3529413
-0.45977187
-0.46189553
-0.23201503
-0.69767267
-0.46838585
0.7058806
-0.2336413
-0.46838585
-1.6470606
1.9138738
5.1643214
-0.89285207
0.22522178
-0.22471566
3.828822
-1.0845988
-1.3157861
2.8888872
-1.7278601
0.0
-0.4395621
-1.1037527
-0.66964114
-1.5730355
-0.22830702
0.45766765
-0.9111652
0.22988155
0.68808043
-0.4555826
-0.22883819
0.22936305
-0.9153353
0.23095217
-0.6912512
-1.8561468
1.4184451
0.23309667
-0.9302361
0.0
-0.46947643
-0.70755434
0.71259636
-1.4150997
-1.1961722
0.48426336
-0.7228897
1.4563069
0.47847074
-0.2380916
-2.147975
1.2195122
-0.7228897
1.699031
0.95464844
0.23641203
2.594336
3.6781573
0.88692135
0.21977687
3.070179
0.85106707
-1.2658275
1.4957281
1.0526316
0.6249984
-0.62111646
-1.6666651
1.9067748
-2.702701
0.85470414
-0.21186925
1.2738903
0.2096404
1.4644368
-4.123711
-0.64515966
0.2164469
-0.64794654
-0.21738799
-1.742926
0.22173457
0.44247955
0.22026095
0.21977687
-1.3157861
-1.3333299
0.0
1.8018
0.44247955
0.8810522
-0.4366829
1.9736876
0.0
0.0
-3.010756
0.6651953
-1.5418519
1.1185682
-0.44247955
-0.66666496
1.1185682
-0.44247955
0.8888923
-0.8810606
2.444441
-0.43383288
1.0893246
1.7241362
0.21186116
-0.4228346
0.0
1.0615711
-0.8403314
0.63559157
9.473684
-0.96153843
0.0
1.9417475
-0.95238096
-4.4230757
3.621729
0.0
7.76699
-5.4054055
4.7619047
-3.6363637
-0.9433962
-1.9047619
0.0
0.9708738
1.9230769
-1.8867924
0.0
3.8461537
-0.9259259
0.0
3.7383177
-1.8018018
0.0
-1.8348624
-2.8037384
1.9230769
-1.8867924
0.0
-1.9230769
1.9607843
2.8846154
-0.93457943
0.9433962
0.0
0.93457943
-0.9259259
1.8691589
0.0
0.0
-1.8348624
-1.8691589
2.857143
-0.9259259
-0.93457943
-0.9433962
2.857143
0.0
-1.8518518
0.0
-8.679242
-1.4462825
1.6771473
4.123711
1.980198
0.0
-0.9708738
0.98039216
0.9708738
-0.96153843
-0.9708738
2.9411764
4.7619047
-1.8181819
0.9259259
-0.9174312
-3.7037036
-2.8846154
0.0
0.0
0.0
0.0
1.980198
1.9417475
-1.9047619
-1.9417475
-0.990099
-1.0
-6.060606
-3.8709662
-0.447429
2.696631
6.3457274
1.851855
-1.010101
0.0
-2.2448947
2.0876827
-1.8404939
0.0
-2.7083318
3.854388
0.0
-1.0309278
0.0
0.0
0.0
0.41666827
-0.20747362
0.415802
-0.41408026
-0.20789704
1.0416666
3.0927835
-1.0
0.0
-18.181818
0.49382904
5.6511035
-3.0232542
3.1175041
1.6279087
0.91532654
0.56689346
1.2401422
1.3362994
-1.8681285
-0.33594966
0.0
-3.3707864
3.0232542
-1.1286682
-1.8264823
0.46511805
-2.3148148
-0.23697224
0.9501224
0.82352585
0.35006192
0.0
-0.34884074
1.7502918
-0.68807167
-0.6928389
-1.3953453
0.0
0.0
0.9433908
-0.7009328
0.0
0.7058806
-1.6355158
-0.23752607
1.6666685
0.46838585
-0.23310556
0.0
2.1028073
-1.6018324
-0.5813953
0.5847953
-1.1627907
-0.23529053
0.4716909
0.23474717
-0.9367717
-1.1820331
1.674643
-3.4117665
2.5578544
-1.4251746
1.2048193
-0.2380916
-0.47732878
-0.47961813
1.2048193
-0.9523846
0.9615422
0.0
0.7142839
-0.7092181
1.4285678
0.11737806
-1.8757398
-0.5973716
0.0
1.4423132
-0.23697224
0.8313594
-2.002361
0.0
0.9615422
-0.9523846
0.7211612
1.1933174
2.122636
-0.23094337
-0.6944427
0.6992989
-0.34722576
0.5807201
-0.6928389
-1.6279087
-0.47281504
0.1187721
0.11862215
0.0
-0.71089864
0.95464844
0.47281504
0.0
-0.23529053
1.1792452
-0.23310556
-0.4672915
-0.23473822
0.23529053
0.0
4.460098
-0.8988798
-0.6802704
3.4246576
2.2075055
-1.2958931
-0.98468435
0.11049555
1.9867584
-3.2467532
-0.22371876
-0.33631775
1.0123751
-0.33407912
0.22346027
-0.78037566
-1.0112376
1.2485795
-0.8968559
-0.22624952
-2.0408113
2.3148148
0.22624089
-1.1286682
-5.3652935
0.48251086
1.5606186
-0.47281504
0.59382427
-0.11806196
0.0
-0.47281504
-0.47505215
-0.47732878
0.71942264
-0.9523846
0.9615422
0.2380916
1.0688854
-1.1750882
0.35672182
-1.0663525
-0.5988024
0.48192954
-0.47961813
-3.1325283
0.24875242
-0.744415
1.0000038
0.0
0.24752097
1.4814777
-1.3381977
-0.61652285
0.24814464
0.0
0.37128145
-0.12330268
0.0
1.2345679
-0.48780674
0.9803959
-0.8495201
-1.3463874
0.0
0.4962798
0.37037414
1.1070036
0.72993445
0.966178
1.7942584
1.0575812
-3.2558174
3.8461595
-2.0833368
0.8274286
-1.4068048
1.783591
-0.2336413
-1.1709602
0.2369632
0.0
-2.8368814
3.2846773
0.3533515
-0.23473822
-2.3529413
2.4096386
-0.11764526
-1.5312167
0.47847074
0.2380916
3.5629456
2.0642238
-1.3483112
0.6833695
0.79185176
-0.11223173
-0.4494399
-1.8058674
0.0
-0.22988155
-2.0737362
1.1764706
-1.6279087
0.7092181
1.5258253
0.5780347
0.11494078
2.2962112
1.9079738
1.431713
6.4060817
1.8367378
0.6012009
-0.39840788
0.80000305
-3.5714345
1.4403309
-3.5496957
2.8391216
0.20449585
0.20407853
-0.20366289
0.0
4.4897976
-0.19531697
0.58709013
1.3618617
0.57582164
-1.7175602
1.3592248
4.406129
2.7522936
-2.1428585
0.91240877
-0.72332317
0.9107468
0.18050265
0.0
-0.36036173
3.7974725
1.5679402
0.51457846
0.0
3.0716777
0.66224784
5.263159
5.46875
-2.2222223
3.7878788
0.14598317
-0.8746334
5.5882397
8.635093
-1.2820513
-1.2987013
1.9736842
-0.6451613
-1.038965
-1.4435676
2.529962
-4.4155865
